[[0.9398813836071168, 0.028586578284805302, 0.031532038108077705], [0.2770611268685737, 0.5956321594352496, 0.1273067136961767], [0.09394686687893733, 0.46061659921233195, 0.44543653390873067], [0.4455347789106956, 0.28639564572791293, 0.2680695753613915], [0.10879897246927853, 0.4820646457101144, 0.409136381820607], [0.25695938333333335, 0.38632269, 0.3567179266666667], [0.712110707121107, 0.2429245324292453, 0.0449647604496476], [0.6412931577163842, 0.3158928484303564, 0.04281399385325946], [0.16303235978194158, 0.7346497640789859, 0.10231787613907257], [0.19146193092280875, 0.28098990157030296, 0.5275481675068883], [0.8240719587964019, 0.09148355542582222, 0.08444448577777569], [0.15144667348553326, 0.7959060770409393, 0.05264724947352751], [0.10933808078211145, 0.3497370351728025, 0.540924884045086], [0.055789487210525644, 0.4295221085238946, 0.5146884042655798], [0.09638545265059995, 0.3749259453104635, 0.5286886020389365], [0.85974266579228, 0.1189319035679571, 0.02132543063976292], [0.20179006903580138, 0.42865502357310054, 0.36955490739109814], [0.19037372492336735, 0.26765804952911865, 0.5419682255475139], [0.21499059688361544, 0.46426142607215726, 0.32074797704422736], [0.87908757, 0.1008807, 0.02003173], [0.10630287627939931, 0.20509429782169955, 0.6886028258989011], [0.05160246804273248, 0.30355628809483437, 0.6448412438624332], [0.0037448154156765035, 0.018979707013696133, 0.9772754775706274], [0.11777760522275048, 0.47386916028049, 0.4083532344967596], [0.20872338208723384, 0.5729698814439845, 0.21830673646878165], [0.833140001657, 0.1266274863313743, 0.040232512011625594], [0.4375195768754568, 0.4546191072744458, 0.10786131585009735], [0.16847489826100404, 0.3759766949609321, 0.4555484067780637], [0.0551432933085976, 0.37120007227200436, 0.5736566344193981], [0.036726336176982184, 0.3981372813581696, 0.5651363824648483], [0.8211896482118964, 0.0990821309908213, 0.0797282207972822], [0.2346342511731713, 0.42530145212650733, 0.3400642967003215], [0.13427160298592594, 0.41630052875549206, 0.4494278682585819], [0.7229327566240346, 0.19388968836661868, 0.08317755500934669], [0.34833885022508276, 0.5650119684751795, 0.08664918129973771], [0.13947750333333334, 0.8105054933333333, 0.05001700333333333], [0.06372448957517007, 0.5633155095778967, 0.37296000084693337], [0.03448048229891886, 0.43947836014898256, 0.5260411575520986], [0.23071524871668914, 0.7080182865204268, 0.06126646476288418], [0.21476291355711263, 0.6644050100678498, 0.12083207637503773], [0.253305065, 0.6722959550000001, 0.07439898], [0.09159436614492958, 0.43097367788717095, 0.4774319559678995], [0.09838691688708417, 0.5590248391317387, 0.3425882439811771], [0.08826760176535203, 0.2536004850720097, 0.6581319131626382], [0.22149271107463553, 0.6192636309631815, 0.1592436579621829], [0.3315872799738092, 0.4469552567043289, 0.22145746332186197], [0.017801409821985904, 0.603043893969561, 0.37915469620845305], [0.35246629704932597, 0.5498996609979933, 0.09763404195268086], [0.13507196441546726, 0.4412333526461108, 0.42369468293842194], [0.5715082607150825, 0.3417831184178312, 0.08670862086708621], [0.07826177443483388, 0.4562732625221515, 0.4654649630430146], [0.11212302479794958, 0.1367059977215667, 0.7511709774804837], [0.0204951197950488, 0.014432969855670302, 0.965071910349281], [0.5813257491867425, 0.30238026697619735, 0.11629398383706016], [0.4758611533448596, 0.44541344941052924, 0.0787253972446111], [0.2092869658142607, 0.7341674853166503, 0.05654554886908903], [0.33377260667545217, 0.41606534832130704, 0.2501620450032409], [0.02118071968228921, 0.018626119720608205, 0.9601931605971027], [0.009704330485216526, 0.030340421517021078, 0.9599552479977624], [0.01248172, 0.02196991, 0.96554837], [0.08100966162019323, 0.5940955968819119, 0.3248947414978948], [0.18223886121492575, 0.3780683191871221, 0.4396928195979521], [0.18223886121492575, 0.3780683191871221, 0.4396928195979521], [0.0070087873423022844, 0.03250101926872706, 0.9604901933889706], [0.27742315387115773, 0.6637523331876166, 0.058824512941225655], [0.13854289945828402, 0.05558928277642869, 0.8058678177652874], [0.09323595593235956, 0.3529732785297328, 0.5537907655379076], [0.09323595593235956, 0.3529732785297328, 0.5537907655379076], [0.20279946412597585, 0.062412622808568026, 0.7347879130654561], [0.14179626212694393, 0.45695146185427193, 0.4012522760187841], [0.07763133771709682, 0.42948040503181417, 0.492888257251089], [0.16390197827803957, 0.5012545050250901, 0.33484351669687035], [0.48257904, 0.21136623999999998, 0.30605472], [0.1983139499156975, 0.21957997097899856, 0.5821060791053039], [0.2212257088789238, 0.33531041001977074, 0.44346388110130547], [0.06999390779975631, 0.42395156195806244, 0.5060545302421812], [0.02478046341593488, 0.11916181373053938, 0.8560577228535258], [0.14347113713057724, 0.2773430294531394, 0.5791858334162833], [0.06454350451804532, 0.185943543016048, 0.7495129524659068], [0.08920295133804428, 0.22124208831863135, 0.6895549603433244], [0.27773193666804186, 0.6275244811742656, 0.09474358215769252], [0.19351993532400324, 0.3711601464419927, 0.43531991823400407], [0.08849697734509068, 0.8584826742455198, 0.053020348409389545], [0.21578394901765435, 0.32569837348603253, 0.4585176774963131], [0.19407749776309993, 0.6632413765296551, 0.14268112570724503], [0.3336348833273023, 0.5226624195467515, 0.14370269712594602], [0.4877055946311678, 0.327947799838434, 0.18434660553039817], [0.20435208530431945, 0.4887779867414801, 0.3068699279542004], [0.47969114162470866, 0.46946343244292543, 0.05084542593236593], [0.47969114162470866, 0.46946343244292543, 0.05084542593236593], [0.5706100171183005, 0.3870198816105965, 0.04237010127110304], [0.5619210287152617, 0.08020630981237858, 0.35787266147235963], [0.28618566927628664, 0.5868909232621815, 0.12692340746153183], [0.23539113853086707, 0.3638894954583424, 0.40071936601079045], [0.16066161456670275, 0.7327742004801843, 0.10656418495311297], [0.16066161456670275, 0.7327742004801843, 0.10656418495311297], [0.34065178818696423, 0.5148530047029399, 0.14449520711009586], [0.13325422466389783, 0.6757737336520807, 0.19097204168402146], [0.5015212349391506, 0.01820660927173563, 0.48027215578911375], [0.7777893277778932, 0.0816800508168005, 0.1405306214053062], [0.1670631589021053, 0.20323398677446625, 0.6297028543234285], [0.23394328978591053, 0.6881947891759305, 0.07786192103815895], [0.49696003499999997, 0.45781696499999996, 0.045223], [0.43276693798300814, 0.2350748970522469, 0.33215816496474493], [0.5671781471641093, 0.268109006159455, 0.1647128466764358], [0.2115282232046504, 0.6934076423590233, 0.09506413443632626], [0.8894530238945302, 0.03519489535194895, 0.0753520807535208], [0.47286169200246436, 0.29070715699629784, 0.2364311510012378], [0.3726995890184033, 0.3009756075921951, 0.3263248033894015], [0.06187520247500809, 0.24223037968921518, 0.6958944178357768], [0.17568309297267629, 0.7281795708728173, 0.09613733615450656], [0.713919382835163, 0.22273434336406062, 0.06334627380077643], [0.3364131209334264, 0.5953883918501227, 0.06819848721645083], [0.09933192602672296, 0.4986698100532076, 0.40199826392006943], [0.29956060550659097, 0.20961672685574909, 0.49082266763766], [0.32623822877063713, 0.332014718866912, 0.34174705236245084], [0.5128591128189688, 0.3050986244627217, 0.1820422627183095], [0.029060664418786707, 0.6708521865829562, 0.300087148998257], [0.016893689662126208, 0.928818256423635, 0.05428805391423893], [0.3811772714353181, 0.42410382272311464, 0.1947189058415672], [0.6821519604645587, 0.1456009743680292, 0.17224706516741195], [0.20635544460311217, 0.0350992163156745, 0.7585453390812132], [0.512305537315417, 0.43980536840291945, 0.04788909428166358], [0.5713998214300089, 0.34471961776401916, 0.08388056080597198], [0.8794124351764974, 0.07943974317758971, 0.041147821645912866], [0.5245139345836844, 0.4119242650135625, 0.06356180040275303], [0.39706829691204887, 0.2650395804511874, 0.3378921226367637], [0.3182289957955725, 0.5270726163176815, 0.15469838788674597], [0.30372986892540255, 0.4805286028894279, 0.21574152818516942], [0.13517792639525533, 0.43077319184604823, 0.43404888175869655], [0.2168737762047089, 0.6783089231295938, 0.10481730066569722], [0.8072003596399819, 0.10194076490296174, 0.09085887545705622], [0.04709744088170932, 0.04278359928694001, 0.9101189598313507], [0.06750857797474266, 0.42596133722115986, 0.5065300848040974], [0.2306909300014542, 0.25253881816713625, 0.5167702518314096], [0.16478997, 0.68491472, 0.15029531], [0.27263305, 0.3620618566666666, 0.36530509333333333], [0.3758790212060489, 0.4513280824335958, 0.17279289636035516], [0.3201703505265193, 0.23956287041748517, 0.4402667790559955], [0.09462967047314835, 0.434619412173097, 0.47075091735375457], [0.4462053544620535, 0.45220452452204524, 0.10159012101590122], [0.259014650360586, 0.6289753551590143, 0.11200999448039978], [0.39805359268613083, 0.11758829549078371, 0.4843581118230855], [0.14989843466802086, 0.372549801699336, 0.4775517636326432], [0.04038797215402518, 0.209790587855498, 0.7498214399904769], [0.21300587, 0.3150226266666667, 0.4719715033333333], [0.2555849102233964, 0.2568140702725628, 0.4876010195040408], [0.4548849921178168, 0.35014931983184017, 0.19496568805034314], [0.11542703307437802, 0.2592738444435693, 0.6252991224820525], [0.6096395691445935, 0.28618104929271576, 0.10417938156269073], [0.47522768400910737, 0.11164530946581237, 0.4131270065250803], [0.39850497, 0.28267816, 0.31881687], [0.519985905, 0.153624295, 0.3263898], [0.09438395729589305, 0.42916140952774273, 0.4764546331763642], [0.4987783383699832, 0.4575255996075654, 0.04369606202245147], [0.7152798235416052, 0.183646799490596, 0.1010733769677987], [0.2829656692925858, 0.513268753716828, 0.20376557699058606], [0.21060900447740522, 0.4847223618125062, 0.3046686337100885], [0.18507653546269134, 0.43009260357523155, 0.3848308609620772], [0.2269904651533969, 0.21631851855787654, 0.5566910162887265], [0.3246619863631695, 0.6135340514736919, 0.06180396216313867], [0.036058221622619964, 0.8679906190595779, 0.09595115931780215], [0.24712310617807765, 0.40141209003530226, 0.3514648037866201], [0.570089178504459, 0.30883356044167803, 0.12107726105386304], [0.2997554155036688, 0.5851261162231083, 0.11511846827322299], [0.15478882349886938, 0.48408038166862394, 0.3611307948325066], [0.04229894253793655, 0.04622930277375817, 0.9114717546883052], [0.2662591529877746, 0.5058958151768744, 0.22784503183535096], [0.08956507179130142, 0.7671079753421595, 0.14332695286653904], [0.061171176329729425, 0.7696868538187889, 0.16914196985148183], [0.23824416738244167, 0.3241880532418805, 0.43756777937567776], [0.8742753786847841, 0.08845190796067172, 0.037272713354544205], [0.7171047928289521, 0.23340402766595975, 0.04949117950508821], [0.6128692304289742, 0.09878979995966, 0.2883409696113656], [0.07480137925198621, 0.6702802932971971, 0.2549183274508167], [0.4195867083917342, 0.4127124882542498, 0.1677008033540161], [0.22981576425460593, 0.44123817896904555, 0.32894605677634864], [0.02166640942222908, 0.34491584413557747, 0.6334177464421934], [0.5545984144109445, 0.07565751764801311, 0.3697440679410424], [0.17568176472954708, 0.3812623185621305, 0.44305591670832256], [0.10775641215512824, 0.7608269652165393, 0.13141662262833245], [0.5929028288516606, 0.18796064744472232, 0.2191365237036172], [0.2573717980160259, 0.6593822061567545, 0.08324599582721971], [0.12657237004192987, 0.7715846105755896, 0.10184301938248051], [0.5775286946517217, 0.23866018431961109, 0.18381112102866728], [0.32061886793811323, 0.31933286806671324, 0.36004826399517365], [0.0552729597236352, 0.6214702768926487, 0.3232567633837162], [0.2252204563362727, 0.3962403652832049, 0.37853917838052237], [0.29668716890061503, 0.430635732919072, 0.27267709818031294], [0.3015307229642831, 0.333969615540709, 0.3644996614950079], [0.14776914758596005, 0.37236465651638145, 0.47986619589765844], [0.04474543354577341, 0.2817528708430317, 0.6735016956111949], [0.05596019694039803, 0.2509368224906318, 0.6931029805689702], [0.24303009317727425, 0.6591804975561462, 0.0977894092665794], [0.10034798498260074, 0.11377415431129227, 0.7858778607061069], [0.3175423881894914, 0.23739486515126162, 0.4450627466592471], [0.045142999097140014, 0.19763793604724125, 0.7572190648556186], [0.28335098933298025, 0.08460127330797455, 0.6320477373590454], [0.06569646631392934, 0.11669206733384134, 0.8176114663522294], [0.26398710878054793, 0.3631427120664347, 0.3728701791530174], [0.06083719106465085, 0.3088106729041868, 0.6303521360311624], [0.12587007592662408, 0.20590007242624914, 0.6682298516471269], [0.0670364893375599, 0.4706616968075623, 0.46230181385487784], [0.04475114156628995, 0.26250978418784243, 0.6927390742458677], [0.3307624766923753, 0.1353484686465153, 0.5338890546611095], [0.00619497024779881, 0.005357740214309608, 0.9884472895378915], [0.01396247111699769, 0.22606986808558946, 0.7599676607974128], [0.4774355272743553, 0.2889472503894725, 0.23361722233617221], [0.48181637975755176, 0.24084026987787027, 0.27734335036457797], [0.01670576849648084, 0.05264131526228163, 0.9306529162412376], [0.6706508267662706, 0.2109152552728814, 0.11843391796084796], [0.2752340064221268, 0.6228035178654154, 0.10196247571245777], [0.6776736775209475, 0.24064798105154708, 0.08167834142750537], [0.5540363892339398, 0.2918543648642394, 0.15410924590182074], [0.6223086156653709, 0.2012467069812994, 0.17644467735332986], [0.11880650739300795, 0.07959393268697003, 0.801599559920022], [0.14781202852187975, 0.5094756449052436, 0.34271232657287676], [0.010942271102857348, 0.006888539664752273, 0.9821691892323904], [0.1864981009324905, 0.7399184686995923, 0.07358343036791716], [0.48235530776467045, 0.4715167929272482, 0.04612789930808151], [0.15656204873751808, 0.5607834675686614, 0.2826544836938207], [0.3857625692135614, 0.22588953661165692, 0.38834789417478155], [0.09108798362384114, 0.758388886912778, 0.15052312946338092], [0.3903793721924126, 0.4887839452243211, 0.12083668258326637], [0.02083441906245114, 0.07287927172043278, 0.9062863092171162], [0.10892960881253631, 0.43526247023418646, 0.45580792095327727], [0.2360343860660936, 0.35316154078064094, 0.4108040731532654], [0.03379734292246678, 0.21179008764737609, 0.7544125694301571], [0.10187765152816476, 0.6880119303201789, 0.21011041815165624], [0.061128905444088555, 0.4746663371733399, 0.4642047573825715], [0.0666920410003806, 0.361998400429976, 0.5713095585696434], [0.5266350949999999, 0.25494476499999996, 0.21842013999999996], [0.05586113276555469, 0.4231247930750082, 0.521014074159437], [0.4397635531929066, 0.06308265189247957, 0.49715379491461387], [0.40526634039497555, 0.08461448634608648, 0.510119173258938], [0.1306494163818197, 0.37804998882116636, 0.4913005947970139], [0.24702645882433852, 0.37512732562181683, 0.3778462155538446], [0.22150124000000002, 0.235693135, 0.542805625], [0.167737201645256, 0.4248531265029375, 0.4074096718518066], [0.02018522, 0.34650601, 0.63330877], [0.2563968837180156, 0.6144563569277183, 0.1291467593542662], [0.2909859554507022, 0.393648940317553, 0.3153651042317448], [0.15784646, 0.4653558, 0.37679774], [0.8785003487850034, 0.07714394077143939, 0.0443557104435571], [0.5624181453153648, 0.10484558133040466, 0.33273627335423045], [0.3034337017939779, 0.44462091332274517, 0.2519453848832769], [0.317257596586288, 0.4308700371543502, 0.2518723662593618], [0.2897985571020144, 0.32184165678158344, 0.38835978611640215], [0.2992297689768931, 0.05583052167491565, 0.6449397093481912], [0.022202559777974404, 0.013671399863286002, 0.9641260403587396], [0.03912038156481527, 0.40320019612800784, 0.5576794223071769], [0.3114659584426703, 0.23723635881381822, 0.4512976827435116], [0.38093785428593224, 0.37102856943457146, 0.24803357627949638], [0.31195412811954126, 0.6261056662610567, 0.06194020561940205], [0.17004812659903748, 0.6389463372210733, 0.1910055361798893], [0.4686470595819608, 0.43799790250663867, 0.0933550379114005], [0.16800484775993532, 0.7400256867996575, 0.09196946544040711], [0.430775135, 0.19455845000000002, 0.374666415], [0.3551134367755672, 0.36399337681996685, 0.2808931864044659], [0.7671119, 0.02552907, 0.20735903], [0.11012753110127534, 0.8267922016012553, 0.06308026729746934], [0.2537208557713191, 0.39056977349050376, 0.35570937073817716], [0.16309266652370666, 0.382104600284184, 0.4548027331921093], [0.006225780171208954, 0.02719480574785716, 0.9665794140809338], [0.009185735183714705, 0.005398920107978403, 0.9854153447083069], [0.010183073095728294, 0.05709608533442467, 0.932720841569847], [0.1672209250055426, 0.27593145942598124, 0.5568476155684762], [0.34547647554644134, 0.3457429755584339, 0.3087805488951247], [0.020682589482935262, 0.01877375953065601, 0.9605436509864087], [0.4202763415944732, 0.5256549494869011, 0.054068708918625835], [0.4390578228047109, 0.21610167391949167, 0.3448405032757975], [0.004756002353972271, 0.10652157064102231, 0.8887224270050055], [0.22261900166071497, 0.6925021096124684, 0.08487888872681668], [0.16471401062715296, 0.4316506375061433, 0.40363535186670374], [0.3015402328613791, 0.02909137738177604, 0.669368389756845], [0.012805950426865014, 0.12274190742473025, 0.8644521421484047]]